63
1 11         1098.56444
1 5          1514.6379
1 2         1656.87325
1 22         1871.60049
2 6         707.246992
2 5         988.978455
2 3         1079.32158
2 7         1197.06796
3 4         1014.38716
3 2         1079.32158
3 6         1289.82027
3 7         1332.50558
4 8          899.41312
4 7         998.000816
4 3         1014.38716
4 9         1277.36369
5 6         731.192717
5 13         870.117307
5 12         897.131389
5 11         962.780819
6 7         572.211737
6 2         707.246992
6 5         731.192717
6 14         776.317898
7 6         572.211737
7 8         582.671465
7 14         635.007695
7 4         998.000816
8 7         582.671465
8 15         771.103975
8 14          896.62895
8 4          899.41312
9 8         944.142934
9 18         1087.03175
9 17         1145.48349
9 4         1277.36369
10 19         1080.08422
10 20         1398.85486
10 18         1434.57483
10 9         1515.93021
11 12         912.783648
11 5         962.780819
11 1         1098.56444
11 22         1099.99572
12 13         689.720484
12 23         719.779418
12 5         897.131389
12 11         912.783648
13 14          524.59315
13 24         606.006596
13 12         689.720484
13 5         870.117307
14 13          524.59315
14 7         635.007695
14 15         714.140448
14 6         776.317898
15 16         501.860761
15 14         714.140448
15 8         771.103975
15 24         878.462009
16 25         395.659116
16 15         501.860761
16 24         881.493607
16 32         904.522565
17 18         750.626718
17 25         818.526783
17 16         913.749426
17 33         1096.47907
18 19         687.017153
18 17         750.626718
18 9         1087.03175
18 35         1304.53662
19 18         687.017153
19 20         1058.20431
19 10         1080.08422
19 35         1280.08939
20 19         1058.20431
20 36         1088.62692
20 10         1398.85486
20 35         1734.72842
21 26         762.604205
21 27         1313.80629
21 22         1405.97863
21 28         1610.38052
22 28         609.577407
22 23         983.928894
22 11         1099.99572
22 26          1185.4795
23 29          700.12077
23 12         719.779418
23 22         983.928894
23 30         1029.69717
24 13         606.006596
24 15         878.462009
24 16         881.493607
24 14         884.140938
25 16         395.659116
25 32         628.771044
25 33         758.372921
25 17         818.526783
26 27         583.035298
26 21         762.604205
26 28         1083.79314
26 22          1185.4795
27 26         583.035298
27 37         928.780329
27 28         1183.00056
27 21         1313.80629
28 22         609.577407
28 37          780.45827
28 26         1083.79314
28 27         1183.00056
29 40         514.465057
29 23          700.12077
29 30         859.266084
29 39         1047.70122
30 31         581.748304
30 29         859.266084
30 24          927.08311
30 23         1029.69717
31 30         581.748304
31 32         645.976793
31 42         901.415482
31 24         976.184971
32 25         628.771044
32 31         645.976793
32 33          691.08794
32 16         904.522565
33 32          691.08794
33 25         758.372921
33 34         830.089944
33 43         1079.11081
34 33         830.089944
34 35         930.733852
34 17         1171.33785
34 44          1299.5803
35 34         930.733852
35 36         1172.68776
35 19         1280.08939
35 18         1304.53662
36 20         1088.62692
36 35         1172.68776
36 19           1504.952
36 46         1553.30141
37 38         591.502512
37 28          780.45827
37 27         928.780329
37 26         1232.90407
38 37         591.502512
38 48         1081.97854
38 39         1115.83783
38 28         1295.75141
39 40         595.022772
39 51         783.805104
39 29         1047.70122
39 38         1115.83783
40 29         514.465057
40 39         595.022772
40 41         914.129558
40 30         1074.85474
41 42         534.709497
41 52         815.701111
41 51         884.552046
41 40         914.129558
42 41         534.709497
42 43         787.494685
42 52         855.242593
42 31         901.415482
43 42         787.494685
43 44         839.603538
43 33         1079.11081
43 32         1106.83127
44 45         656.683747
44 43         839.603538
44 33         1276.56671
44 34          1299.5803
45 44         656.683747
45 55         1321.01219
45 34         1352.64739
45 43         1494.71113
46 35         1544.61543
46 36         1553.30141
46 45          1725.4887
46 34         2031.99284
47 48         1113.68154
47 38         1351.44124
47 37         1708.74092
47 49         1801.03165
48 49          693.68169
48 38         1081.97854
48 47         1113.68154
48 50         1486.02769
49 48          693.68169
49 50         833.981555
49 51         1061.60095
49 39         1188.92937
50 58         736.968102
50 49         833.981555
50 57         960.910275
50 51         967.459398
51 39         783.805104
51 41         884.552046
51 52         934.190257
51 50         967.459398
52 41         815.701111
52 53         824.899789
52 42         855.242593
52 51         934.190257
53 58         771.389139
53 52         824.899789
53 59         865.213113
53 54         1049.07351
54 59         953.425714
54 53         1049.07351
54 55         1101.60673
54 56         1343.22514
55 56          766.98581
55 54         1101.60673
55 45         1321.01219
55 44         1500.76318
56 55          766.98581
56 54         1343.22514
56 45         2014.46966
56 59         2162.96274
57 50         960.910275
57 58         1037.91814
57 49         1374.25792
57 59         1599.25542
58 50         736.968102
58 53         771.389139
58 59         798.630866
58 57         1037.91814
59 58         798.630866
59 53         865.213113
59 54         953.425714
59 61         1122.74447
60 63         1285.87396
60 61         1521.44848
60 57          2013.7661
60 62         2083.26418
61 59         1122.74447
61 62         1312.11149
61 60         1521.44848
61 63         1568.51026
62 63         1132.17577
62 61         1312.11149
62 60         2083.26418
62 59         2330.55705
63 62         1132.17577
63 60         1285.87396
63 61         1568.51026
63 59         2678.22432
